www.google.com
www.github.com
www.g1.com
www.tesOL00
wwww
